-10.000000 -27.182818 nan
-9.899497 -26.909624 nan
-9.798995 -26.636430 nan
-9.698492 -26.363236 nan
-9.597990 -26.090042 nan
-9.497487 -25.816848 nan
-9.396985 -25.543653 nan
-9.296482 -25.270459 nan
-9.195980 -24.997265 nan
-9.095477 -24.724071 nan
-8.994975 -24.450877 nan
-8.894472 -24.177683 nan
-8.793970 -23.904488 nan
-8.693467 -23.631294 nan
-8.592965 -23.358100 nan
-8.492462 -23.084906 nan
-8.391960 -22.811712 nan
-8.291457 -22.538518 nan
-8.190955 -22.265324 nan
-8.090452 -21.992129 nan
-7.989950 -21.718935 nan
-7.889447 -21.445741 nan
-7.788945 -21.172547 nan
-7.688442 -20.899353 nan
-7.587940 -20.626159 nan
-7.487437 -20.352964 nan
-7.386935 -20.079770 nan
-7.286432 -19.806576 nan
-7.185930 -19.533382 nan
-7.085427 -19.260188 nan
-6.984925 -18.986994 nan
-6.884422 -18.713800 nan
-6.783920 -18.440605 nan
-6.683417 -18.167411 nan
-6.582915 -17.894217 nan
-6.482412 -17.621023 nan
-6.381910 -17.347829 nan
-6.281407 -17.074635 nan
-6.180905 -16.801440 nan
-6.080402 -16.528246 nan
-5.979899 -16.255052 nan
-5.879397 -15.981858 nan
-5.778894 -15.708664 nan
-5.678392 -15.435470 nan
-5.577889 -15.162276 nan
-5.477387 -14.889081 nan
-5.376884 -14.615887 nan
-5.276382 -14.342693 nan
-5.175879 -14.069499 nan
-5.075377 -13.796305 nan
-4.974874 -13.523111 nan
-4.874372 -13.249916 nan
-4.773869 -12.976722 nan
-4.673367 -12.703528 nan
-4.572864 -12.430334 nan
-4.472362 -12.157140 nan
-4.371859 -11.883946 nan
-4.271357 -11.610752 nan
-4.170854 -11.337557 nan
-4.070352 -11.064363 nan
-3.969849 -10.791169 nan
-3.869347 -10.517975 nan
-3.768844 -10.244781 nan
-3.668342 -9.971587 nan
-3.567839 -9.698392 nan
-3.467337 -9.425198 nan
-3.366834 -9.152004 nan
-3.266332 -8.878810 nan
-3.165829 -8.605616 nan
-3.065327 -8.332422 nan
-2.964824 -8.059228 nan
-2.864322 -7.786033 nan
-2.763819 -7.512839 nan
-2.663317 -7.239645 nan
-2.562814 -6.966451 nan
-2.462312 -6.693257 nan
-2.361809 -6.420063 nan
-2.261307 -6.146868 nan
-2.160804 -5.873674 nan
-2.060302 -5.600480 nan
-1.959799 -5.327286 nan
-1.859296 -5.054092 nan
-1.758794 -4.780898 nan
-1.658291 -4.507704 nan
-1.557789 -4.234509 nan
-1.457286 -3.961315 nan
-1.356784 -3.688121 nan
-1.256281 -3.414927 nan
-1.155779 -3.141733 nan
-1.055276 -2.868539 nan
-0.954774 -2.595344 nan
-0.854271 -2.322150 nan
-0.753769 -2.048956 nan
-0.653266 -1.775762 nan
-0.552764 -1.502568 nan
-0.452261 -1.229374 nan
-0.351759 -0.956180 nan
-0.251256 -0.682985 nan
-0.150754 -0.409791 nan
-0.050251 -0.136597 nan
0.050251 0.136597 1.051535
0.150754 0.409791 1.162710
0.251256 0.682985 1.285640
0.351759 0.956180 1.421566
0.452261 1.229374 1.571863
0.552764 1.502568 1.738050
0.653266 1.775762 1.921808
0.753769 2.048956 2.124994
0.854271 2.322150 2.349662
0.954774 2.595344 2.598083
1.055276 2.868539 2.872769
1.155779 3.141733 3.176497
1.256281 3.414927 3.512336
1.356784 3.688121 3.883683
1.457286 3.961315 4.294291
1.557789 4.234509 4.748311
1.658291 4.507704 5.250333
1.758794 4.780898 5.805432
1.859296 5.054092 6.419219
1.959799 5.327286 7.097900
2.060302 5.600480 7.848336
2.160804 5.873674 8.678112
2.261307 6.146868 9.595618
2.361809 6.420063 10.610128
2.462312 6.693257 11.731899
2.562814 6.966451 12.972271
2.663317 7.239645 14.343783
2.763819 7.512839 15.860299
2.864322 7.786033 17.537152
2.964824 8.059228 19.391292
3.065327 8.332422 21.441464
3.165829 8.605616 23.708394
3.266332 8.878810 26.214997
3.366834 9.152004 28.986615
3.467337 9.425198 32.051266
3.567839 9.698392 35.439932
3.668342 9.971587 39.186869
3.768844 10.244781 43.329956
3.869347 10.517975 47.911077
3.969849 10.791169 52.976544
4.070352 11.064363 58.577564
4.170854 11.337557 64.770760
4.271357 11.610752 71.618741
4.371859 11.883946 79.190734
4.472362 12.157140 87.563287
4.572864 12.430334 96.821040
4.673367 12.703528 107.057581
4.773869 12.976722 118.376396
4.874372 13.249916 130.891909
4.974874 13.523111 144.730642
5.075377 13.796305 160.032494
5.175879 14.069499 176.952157
5.276382 14.342693 195.660675
5.376884 14.615887 216.347178
5.477387 14.889081 239.220790
5.577889 15.162276 264.512748
5.678392 15.435470 292.478734
5.778894 15.708664 323.401463
5.879397 15.981858 357.593542
5.979899 16.255052 395.400627
6.080402 16.528246 437.204920
6.180905 16.801440 483.429031
6.281407 17.074635 534.540252
6.381910 17.347829 591.055279
6.482412 17.621023 653.545438
6.582915 17.894217 722.642457
6.683417 18.167411 799.044857
6.783920 18.440605 883.525009
6.884422 18.713800 976.936945
6.984925 18.986994 1080.224991
7.085427 19.260188 1194.433312
7.185930 19.533382 1320.716469
7.286432 19.806576 1460.351094
7.386935 20.079770 1614.748786
7.487437 20.352964 1785.470395
7.587940 20.626159 1974.241787
7.688442 20.899353 2182.971304
7.788945 21.172547 2413.769044
7.889447 21.445741 2668.968204
7.989950 21.718935 2951.148657
8.090452 21.992129 3263.163039
8.190955 22.265324 3608.165585
8.291457 22.538518 3989.644014
8.391960 22.811712 4411.454793
8.492462 23.084906 4877.862114
8.592965 23.358100 5393.581013
8.693467 23.631294 5963.825024
8.793970 23.904488 6594.358892
8.894472 24.177683 7291.556850
8.994975 24.450877 8062.467051
9.095477 24.724071 8914.882828
9.195980 24.997265 9857.421473
9.296482 25.270459 10899.611355
9.396985 25.543653 12051.988242
9.497487 25.816848 13326.201811
9.597990 26.090042 14735.133420
9.698492 26.363236 16293.026323
9.798995 26.636430 18015.629666
9.899497 26.909624 19920.357693
10.000000 27.182818 22026.465795
